-2.9523854E-4,-2.30895E-5,1.4627566E-4,0.42023915,
4.9237413E-5,-2.3049746E-4,3.2737677E-5,0.16189802,
1.1098161E-4,5.2247546E-5,2.5937846E-4,0.5195782,
-1.2294287E-4,1.7122198E-4,3.6435486E-5,0.055804383,
2.434405E-4,-2.7119325E-4,-3.7961036E-5,0.7158902,
2.6390662E-5,-3.119423E-4,-3.0077868E-5,0.6023582,
-2.5356608E-4,-1.5096947E-4,6.633659E-5,0.34066123,
-4.7361216E-5,-6.805926E-6,2.973955E-5,0.022153055,
2.2225626E-4,-6.545164E-5,9.6955715E-5,0.16073953,
2.3311298E-4,-1.564442E-4,1.3888873E-4,0.31256524,
2.5783627E-6,-1.038306E-4,3.6867234E-6,0.05386238,
2.352647E-4,-1.06461404E-4,5.288913E-5,0.22659451,
-9.958454E-5,-1.8155975E-5,1.3162394E-5,0.015024919,
2.0840907E-4,2.7492698E-4,-2.8341909E-5,0.29861724,
-2.103045E-5,7.805426E-5,-2.3528908E-5,0.010505429,
-9.274023E-6,-3.0821324E-5,1.1968376E-4,0.019207336,
1.7417785E-4,-1.3401773E-4,-4.4825014E-5,0.13393484,
2.9426672E-5,5.225785E-5,7.229945E-5,0.050595053,
-1.4308459E-4,-2.0975071E-4,-7.062534E-5,0.2533555,
-7.021788E-6,1.5786804E-4,-2.36468E-4,0.35238388,
-8.9648354E-5,9.679786E-5,-1.553927E-5,0.01749642,
2.8738592E-4,-1.13512724E-4,-1.3377825E-4,0.49224147,
9.307682E-5,-1.7284589E-4,1.7859473E-5,0.08344892,
-1.740181E-4,2.9438807E-4,6.887901E-6,0.42217934,
2.800524E-4,-2.8359573E-5,3.2241343E-4,0.9592062,
-4.61462E-6,2.1093774E-4,2.2381212E-4,0.051043678,
-1.0444438E-4,3.2033454E-4,-2.2762924E-4,0.89467233,
6.3418185E-5,-1.1664244E-4,-1.1396198E-4,0.057475377,
-1.1460308E-4,2.6771738E-6,-8.537686E-5,0.016510522,
1.4586169E-4,1.3712638E-4,-1.3235242E-4,0.110334106,
-9.754854E-7,1.2996585E-4,-2.713867E-4,0.5593929,
-3.2093952E-4,2.8987706E-4,-1.2032001E-4,0.6728795,
-2.6428797E-5,8.976117E-6,1.6243762E-4,0.11929497,
1.8337168E-4,-1.3923144E-5,2.2705292E-4,0.2482764,
9.16801E-5,4.721022E-6,1.2145553E-4,0.10316052,
-1.2142347E-4,8.6676766E-5,-1.0714864E-4,0.04677877,
5.7944053E-5,2.0525712E-4,3.1570843E-4,1.0,
-2.5886073E-4,6.324467E-5,2.1734422E-4,0.3008361,
-2.3053992E-4,-1.371153E-4,-2.7042866E-4,0.85269624,
7.48763E-5,1.5098564E-4,-1.0012644E-4,0.12740752,
-2.3233276E-4,-1.1513264E-4,-3.7727164E-5,0.23998553,
-1.4696561E-4,-7.816655E-5,2.3819595E-4,0.100742504,
-6.958486E-5,-1.5808755E-4,2.732627E-4,0.5906686,
2.848899E-4,-1.1539691E-5,-2.266885E-4,0.55167973,
-2.02366E-5,-1.2879808E-4,1.2461845E-4,0.1938591,
1.6798546E-4,4.394528E-5,3.4147032E-4,0.89880425,
-2.143018E-5,9.988054E-5,1.5813402E-4,0.043187678,
-8.533182E-5,-5.205266E-5,2.2839305E-4,0.0693136,
1.4659193E-4,-1.3787231E-4,-1.2337964E-4,0.13463444,
-1.1539904E-4,1.512341E-4,-9.960547E-5,0.063663624,
9.860296E-5,1.4060472E-4,-5.3831976E-5,0.07539087,
-1.21196616E-4,6.574828E-5,-1.3366586E-4,0.15305799,
-7.7642944E-5,-7.125885E-5,5.701404E-5,0.025880469,
9.0667214E-5,-6.660706E-5,-6.224621E-5,0.029083692,
-2.7409376E-4,-2.2240036E-5,-1.2612517E-4,0.31494242,
-4.9494447E-5,-2.1583616E-4,2.7912157E-4,0.3458864,
7.2103736E-5,-5.7605644E-6,1.8760796E-4,0.21115956,
-2.1025314E-4,-1.20856566E-4,9.433878E-6,0.18939528,
3.1568468E-4,5.089117E-5,-1.634883E-4,0.5023276,
-1.6811193E-4,8.787262E-5,-7.868525E-5,0.029632948,
-3.8019505E-5,-5.873636E-6,1.728996E-4,0.09327901,
-1.07236716E-4,-1.05606145E-4,6.231183E-5,0.10387503,
6.265838E-5,-1.0668497E-4,2.948178E-4,0.12828985,
8.5574386E-5,3.403685E-4,-9.780713E-5,0.8406116,
-2.6556704E-4,3.3186452E-4,-1.6490376E-4,0.88151777,
1.2490767E-4,-4.765664E-5,-6.539271E-5,0.02942917,
-1.3419524E-4,1.8257814E-4,2.4537707E-4,0.37019134,
-1.594842E-4,-1.4643485E-4,8.8476E-5,0.10338849,
-1.6355838E-4,-7.124788E-5,-2.4245976E-4,0.37280712,
3.864441E-5,7.430958E-5,-2.8306535E-5,0.09548726,
8.603525E-5,-3.1608192E-4,-2.7616326E-5,0.61325216,
1.4746204E-4,-5.4209075E-5,-2.0449476E-4,0.16761295,
-1.6975227E-4,-2.831125E-5,-3.6460835E-5,0.052889843,
-1.1196273E-4,2.7169928E-5,5.61465E-5,0.018016398,
5.9359452E-5,-1.7894214E-4,9.125794E-5,0.058613107,
2.4975513E-4,-7.1934795E-5,-2.0228965E-5,0.25694758,
-4.0433824E-5,2.3861155E-4,-9.639969E-5,0.2789909,
-1.7915791E-4,2.8097056E-4,1.391433E-4,0.18953423,
-2.0352663E-5,2.8111527E-4,-2.8777751E-5,0.38219646,
-1.1033519E-4,-2.4701448E-4,-1.320782E-5,0.29220998,
6.884241E-5,-3.5845726E-5,-2.489309E-4,0.34913367,
8.95865E-5,-1.8073426E-5,-4.2124633E-5,0.063135326,
-2.51453E-4,-6.84871E-5,1.675026E-4,0.3486963,
-6.750975E-5,6.489495E-5,-3.407689E-4,0.3679203,
1.20330405E-4,1.5841865E-4,-8.093842E-5,0.0721459,
-3.3694785E-5,4.447874E-5,2.543108E-4,0.218454,
1.9500042E-4,-3.822237E-5,-1.2286088E-5,0.13675196,
1.5076142E-4,3.7218662E-5,2.4513633E-4,0.08908578,
-6.3416096E-6,-3.3891745E-4,-4.3642824E-5,0.77356356,
-8.405146E-6,-2.1425805E-4,9.2862545E-5,0.16738686,
1.04248706E-4,-1.1099962E-5,2.2553718E-4,0.10485769,
-4.312811E-5,-5.7032717E-5,-1.384648E-4,0.087837055,
1.11437825E-4,-1.9492503E-5,-9.0638234E-5,0.020546606,
-1.5978613E-4,-1.6332358E-4,-7.581898E-5,0.17346062,
2.4710043E-4,-1.3941771E-4,-1.2908597E-4,0.36667746,
-2.3118957E-4,-3.114552E-5,-2.792938E-4,0.74645895,
-1.9619458E-4,9.295183E-6,-9.4635216E-5,0.13305855,
-9.310857E-5,1.39206E-4,-2.3924635E-5,0.028794138,
1.3157925E-4,2.1037727E-4,-8.302291E-5,0.24208154,
-7.811883E-5,2.895824E-4,-1.04752726E-4,0.49878216,
