-1.4802358E-4,1.3491388E-4,2.006477E-5,1.9888788E-4,0.18087272,
2.4482812E-5,3.8384922E-5,7.1433955E-5,-1.7288678E-4,0.3402734,
1.7385062E-5,2.25306E-5,-7.295125E-5,1.7675073E-4,0.097137764,
1.0228341E-4,2.1334863E-5,3.5486883E-6,-6.0366725E-5,0.017299142,
-1.6592581E-4,9.6263E-5,1.9063464E-4,-4.2684005E-5,0.24702363,
5.2218602E-5,1.668321E-5,1.3165297E-4,1.3318515E-4,0.024660967,
-1.5587733E-5,-1.6905215E-4,-3.8607846E-5,-9.3918925E-7,0.1682583,
-3.1003103E-5,6.352887E-5,1.0439823E-4,-3.46232E-5,0.04484809,
2.010239E-5,-3.8184848E-5,8.792978E-5,-5.4606247E-5,0.03711774,
-5.6143695E-6,-1.3615514E-4,-8.194247E-5,1.1440229E-6,0.1204061,
8.59954E-5,-1.7874034E-6,-1.223812E-5,2.4775838E-4,0.73375183,
3.474619E-5,-6.134658E-5,-6.443152E-5,-1.8133462E-4,0.2749296,
-8.064353E-5,2.3791801E-5,2.8300512E-6,7.935539E-5,0.009262737,
-8.1794715E-5,-1.1919392E-4,9.4364905E-6,-4.0168972E-5,0.06311963,
-5.8072106E-5,-2.8306475E-5,-1.026444E-4,-1.4556993E-5,0.070436195,
3.8942188E-5,3.0229909E-5,-4.5228073E-5,2.274966E-5,0.023544095,
-2.0321739E-5,-1.5653014E-4,-2.0139163E-5,-2.06063E-4,0.27050963,
-2.4230822E-5,-3.157563E-5,-2.9636225E-5,4.092045E-5,0.04735659,
-7.3777184E-5,1.04471255E-4,1.6926925E-4,6.524894E-5,0.10320924,
2.5819829E-5,6.6185996E-5,-6.63651E-5,-8.825752E-5,0.037618894,
-2.5529778E-5,5.4415827E-6,1.5684978E-4,4.5737506E-5,0.1298466,
4.0440984E-5,1.7552459E-4,-1.3620821E-4,1.9409532E-5,0.28704843,
4.6468205E-5,4.885E-5,1.9574123E-4,-2.5007133E-5,0.22695617,
2.5015264E-5,2.9634159E-5,-1.8142976E-4,1.916178E-4,0.173606,
2.606035E-4,2.446838E-4,2.8878274E-5,-7.13598E-5,0.6300018,
1.9673193E-5,-5.614969E-5,-5.943546E-5,-1.6692104E-5,0.018161573,
-8.200521E-5,-2.50274E-4,-1.3877267E-4,-8.5668245E-5,0.87529796,
1.1787787E-4,5.1581726E-5,-1.03173705E-4,8.585634E-5,0.08668677,
-1.7893642E-4,-7.4181415E-5,-5.795083E-5,-1.1555407E-4,0.22836827,
-5.7652294E-5,4.9230825E-5,-2.108834E-4,-5.594316E-5,0.35219404,
1.4663738E-5,-9.141661E-5,-1.4455323E-4,8.3104205E-5,0.088126846,
-8.064278E-5,9.5119394E-5,-3.585549E-5,-9.36409E-5,0.03272092,
1.0856753E-4,8.3681545E-5,1.13699525E-5,1.861232E-4,0.27951014,
-1.1597076E-6,-1.0544815E-4,1.0795852E-4,1.5308347E-4,0.19177976,
3.2189353E-5,-6.69506E-6,-9.962381E-5,2.5631566E-4,0.96991503,
-1.2343621E-4,-1.4455595E-4,-5.9918E-5,-1.4268908E-5,0.19464906,
-8.7787754E-5,6.791965E-5,-2.2062639E-4,-1.14531744E-4,0.51156867,
1.2256551E-4,2.036766E-4,-4.1153893E-5,-4.092882E-5,0.25434655,
9.833367E-5,-7.085613E-5,7.993241E-5,2.1359944E-4,0.31105128,
-3.8448237E-5,8.710599E-5,-2.2637149E-4,2.4370004E-6,0.4155072,
1.1407624E-4,1.4259039E-4,1.4378912E-4,-2.203722E-4,0.48056045,
1.3706896E-4,2.3080845E-4,2.2275487E-4,4.3908214E-5,0.36859024,
3.7593094E-5,9.3752235E-5,2.3174116E-5,2.5557997E-4,0.577173,
1.7751449E-4,3.853576E-6,1.5494159E-4,-5.25947E-5,0.24979936,
-1.6087249E-4,-4.9109818E-5,-5.8784695E-5,-1.7914703E-5,0.12850903,
1.21806945E-4,4.285017E-5,-1.7749364E-4,2.1870093E-5,0.16514917,
1.624072E-4,9.695713E-5,-1.02405415E-4,2.3859113E-5,0.093848154,
-2.3274017E-5,-1.0503206E-4,1.641146E-4,9.655171E-5,0.06233164,
-2.139514E-4,-2.2698202E-6,2.2199423E-5,1.5719373E-4,0.3145656,
-1.17298514E-4,-1.5789046E-4,9.842956E-6,-1.6118214E-4,0.2590127,
1.7358707E-5,-1.2246375E-4,-7.185474E-5,-3.4443743E-5,0.08407572,
-2.4051055E-4,-4.4202363E-5,-2.6770942E-5,-2.4302426E-4,1.0,
-2.4066168E-4,-1.09999935E-4,1.11379115E-4,1.3711286E-4,0.6111851,
-5.533501E-5,-1.3534434E-4,-2.9406881E-5,5.748076E-5,0.13049261,
1.224622E-4,7.434789E-5,-1.1239745E-4,2.9221645E-5,0.081183605,
8.936455E-5,4.7238333E-5,-2.471319E-4,-1.6485126E-4,0.83753324,
-1.5703191E-4,-1.5881748E-4,-5.0644943E-5,-1.34866E-5,0.3026898,
-1.8041245E-4,7.925956E-5,6.920093E-5,-1.4975017E-4,0.16073109,
-4.3867665E-5,4.6719855E-5,-6.160323E-5,6.8480374E-5,0.041191276,
1.1774111E-4,-1.8832191E-4,-2.0119616E-5,-1.6633565E-5,0.29615557,
-1.1572227E-4,2.602588E-5,1.09294786E-4,-3.756215E-5,0.054393854,
9.826391E-6,-2.478295E-4,-7.745921E-5,1.2277819E-4,0.67757815,
7.678919E-5,-9.188404E-5,1.9758951E-4,1.568081E-4,0.28442097,
4.6563226E-5,1.4144531E-4,-2.5572734E-5,7.278505E-5,0.081118934,
-4.5207544E-5,9.368382E-5,3.7658697E-7,-3.9150036E-5,0.03654027,
2.2600853E-4,9.22235E-5,-1.9594294E-5,-2.0156762E-5,0.24272077,
7.804275E-7,-6.727451E-5,9.652066E-5,-1.16204545E-4,0.057004374,
-8.4581676E-5,7.4562275E-5,-7.2513816E-5,9.948082E-5,0.021782339,
-1.5578451E-5,9.650123E-5,1.1338332E-4,6.282717E-5,0.045500282,
-8.269439E-5,-1.06655636E-4,1.5436392E-4,-9.996198E-5,0.2828308,
1.7294216E-4,1.7565796E-4,-2.1557674E-4,1.5849446E-5,0.57760715,
6.796459E-5,-1.0651413E-4,-2.7839471E-5,4.1854237E-5,0.087505944,
3.5516016E-6,-5.0014234E-5,-1.4916869E-4,1.6677857E-4,0.098439306,
1.2237552E-4,4.5872912E-5,8.068399E-5,-1.2263059E-4,0.10300922,
1.5588707E-4,-1.2392546E-4,-6.5795095E-5,4.3601296E-5,0.21128942,
-1.2458948E-4,-1.4064039E-4,-2.2279007E-4,1.0983087E-4,0.4814655,
1.7602057E-5,9.536331E-5,1.3936372E-4,2.0641695E-4,0.31063733,
1.5601674E-5,-4.6392946E-5,2.0035743E-4,4.630431E-5,0.18792516,
-3.5437253E-5,8.115156E-5,-1.6917844E-4,3.6428646E-5,0.15746264,
1.7192536E-4,2.1787311E-4,1.6641383E-4,-6.856527E-5,0.27082947,
-1.4152576E-4,-2.3711682E-5,1.1761944E-4,3.538791E-5,0.086685255,
-2.0401207E-4,3.4034412E-5,-2.5449405E-4,1.9397555E-4,0.6467877,
1.6442331E-4,6.648663E-5,2.2175778E-5,3.552513E-5,0.057130277,
-1.01224396E-4,1.9697366E-4,7.623607E-5,-1.0099866E-4,0.16447917,
-1.398168E-4,-2.170664E-5,-4.9834467E-5,-6.120542E-5,0.06928305,
-1.9447412E-4,-4.315743E-5,8.734487E-6,-3.184954E-5,0.21521957,
1.4019865E-4,-2.8757013E-5,-2.0239092E-4,7.0968985E-5,0.24623874,
4.263114E-5,4.5138233E-5,1.528092E-4,1.057725E-4,0.041814648,
5.0056646E-5,-4.5265202E-5,-4.623654E-6,9.9899444E-5,0.07865676,
1.2916101E-4,1.3114336E-4,6.203983E-5,2.0975823E-4,0.34067386,
3.981488E-5,-1.0271564E-4,1.5422453E-4,1.3734332E-4,0.08588445,
-5.6426898E-6,4.0699695E-5,-2.8866552E-5,-1.0689112E-4,0.019949937,
9.924689E-5,-1.8842002E-5,5.7614266E-6,-1.3098496E-4,0.07446968,
5.3599574E-6,1.5020642E-5,7.987372E-5,-5.232596E-5,0.041204587,
1.2803421E-4,2.4671038E-4,-1.36938E-4,9.720781E-6,0.70057184,
-2.0218213E-4,-7.183793E-5,1.7084894E-4,1.2829504E-4,0.3689736,
4.396987E-5,-6.366717E-5,-1.0428524E-4,-4.832817E-5,0.0603178,
1.3953722E-5,-8.3590116E-5,3.0183464E-5,-9.640386E-5,0.12298525,
1.05788195E-5,-1.0118155E-4,1.01929036E-4,-6.7039764E-5,0.05925969,
1.2199849E-4,1.4719277E-4,-3.403038E-5,-1.9380353E-4,0.40218347,
