0.17633289,-2.4956088,-0.40233546,0.0575248,-1.393498,639.10077,
1.4734321,-1.0524398,-1.8661041,-0.43462247,-0.083039224,1039.2819,
2.3686328,1.7655118,0.33944553,1.9788026,2.4027133,1480.206,
1.4949478,-0.3113864,-1.4084914,2.3255146,-2.8960073,648.5866,
-0.94577426,-0.69249254,0.17337334,-1.2057397,-2.1883202,255.63707,
1.5301112,0.014257371,-1.2273178,0.8737652,1.0679803,541.7659,
-0.55168515,-0.8578314,0.560481,-0.58373433,-0.6836695,137.4758,
-0.37538838,-0.96839637,-2.8241072,2.3180575,0.52525914,124.94918,
0.6258293,0.83656883,0.990496,-0.26560932,0.9675506,19.934187,
0.063539386,2.609305,-1.6232519,0.20360255,1.2475994,679.6189,
0.10595709,-0.96195227,-1.19469,-1.0864139,1.773037,95.50708,
1.0549067,-0.29048234,-1.5414058,0.83298826,2.8607824,196.93106,
1.3783361,-0.4720196,-0.75348026,-1.1570864,1.3143164,562.70087,
0.16397256,0.61492646,-1.2179966,-0.30217445,-2.067565,35.27798,
-1.9219365,2.367935,1.7173989,-0.9652435,-0.10326737,184.34012,
-0.35111457,1.1671624,0.12060392,-0.7816413,-1.2152164,110.79426,
-0.31535965,0.33853823,-1.8948815,-0.9013406,-1.9198182,7.4464073,
1.0786253,1.3321679,1.1086912,0.37417227,0.0734818,2.8533413,
-0.08705592,-0.3669212,-0.010481179,0.86315775,0.106345296,15.20671,
-1.0303042,0.7322792,1.98902,-1.6791642,0.9040988,14.96253,
0.38229078,2.654612,0.6701875,1.2931828,0.5311323,629.62164,
-1.3415182,1.2340128,1.8171496,-0.27593476,-1.886641,37.47962,
0.6926109,0.7770297,1.1740811,0.5498416,-0.7109801,8.934395,
-1.7683328,2.2547688,1.5716879,2.3046741,-0.6773318,83.74256,
-1.2952607,2.0672965,0.7613883,-0.13640696,-1.5410569,20.44675,
0.06755966,0.15087265,0.03773707,-1.0256678,-0.52305704,3.010058,
-1.3852162,1.2277579,-0.07219881,2.3410616,-0.83064526,53.44649,
-1.603342,2.8736033,-1.1261755,-0.04615581,0.8122233,15.9520855,
0.33050698,-2.5958471,-0.4931631,0.39994168,-0.6269508,732.19507,
-0.72975254,0.029074252,0.9405611,-1.5976026,-0.44898212,28.339697,
-1.2993746,-0.98332304,0.20631284,1.2256763,0.64030784,719.0838,
-2.568709,-1.4479549,-0.23775065,2.3479395,1.1048033,6486.902,
-0.6841028,-0.5918323,-1.2314484,0.467798,-1.3381058,115.15993,
0.81234634,0.4029706,2.910619,1.0955608,-1.8314376,6.6368227,
-2.1061616,0.86519337,-0.07564098,1.3430524,-1.1786027,1284.6548,
-2.2592945,-1.9781953,1.1428478,-0.19751197,-1.1772802,5026.955,
0.6768792,1.4545537,0.41629082,-1.6133662,-2.010612,99.38336,
-0.58856446,-0.2787003,-1.7060113,0.5449975,-2.3867002,41.59959,
-2.1832604,0.12941408,1.5971832,-1.7079124,2.6098228,2160.5068,
0.7944444,-1.2232413,-1.7831078,0.96429294,0.56159914,343.91595,
0.38576424,1.696017,-1.534594,1.6046444,1.1920978,239.76099,
-0.12780923,-0.33158308,-0.5193123,-0.5349038,-0.83986133,13.376667,
1.4489453,-0.5063687,-1.521252,0.48198438,0.49012953,679.22675,
-0.03989339,-1.2431492,0.08184546,-1.0475725,-0.35787392,156.0193,
0.5483029,1.0271176,2.0943313,0.3106293,-2.0572054,52.981575,
-0.15772337,-2.3789763,0.08982611,-0.7712327,0.16712594,579.1912,
-2.0057113,1.3032124,-0.28759664,-0.33460325,-1.6319532,748.6923,
0.56039,0.3628065,-2.0577285,0.43550992,1.0461133,0.4311039,
-0.4731719,0.25834358,1.5573374,-2.0764403,2.4459836,2.2889292,
-1.075557,0.38102156,0.02268219,1.30934,-0.26546144,64.4947,
0.20159304,-0.5724823,-0.9903676,-1.2054269,0.19411504,38.229317,
0.16914457,-0.5577185,-1.8035216,-1.4641194,0.052521586,35.06842,
1.7750671,-1.1094699,-0.9918249,-1.8995445,-1.5689582,1815.6445,
1.6604444,-0.6748874,-1.850681,2.119678,-0.05326116,1178.2732,
0.4049281,0.5434749,-1.6275022,-1.6588773,0.14273894,14.756755,
0.16206694,-0.111929476,1.6645193,-1.5486878,-0.9109431,2.6119223,
-0.8497519,0.88024396,1.2502303,0.9031981,-1.2914126,5.9232206,
-0.097586274,0.11177373,0.3943752,-1.3608638,1.7124195,2.250215,
-0.45102578,-2.2695694,0.3754145,1.2200329,1.112282,613.67523,
2.5376563,1.4890032,2.2231758,0.68486935,0.3149693,2453.3037,
1.4681271,-0.21323973,0.42882085,0.76490396,-1.4442933,561.26324,
-1.9126897,2.0862284,0.9876473,1.2189846,0.21886092,255.6504,
2.4651186,-0.7330924,-0.478127,0.45855474,-0.68816864,4639.6235,
0.02406174,-1.3258519,0.11354756,-0.2264471,-1.549325,176.89435,
-0.9334388,-0.3087448,-1.3187461,-0.1035161,-1.8043351,142.99063,
0.9300685,-0.47595817,-0.3549065,-1.043076,0.01582861,179.82912,
-1.3360898,-0.48010898,0.19173986,0.7505906,0.7002579,518.5908,
-2.5125587,0.79095626,1.1868758,-0.59365726,1.369834,3061.5808,
-1.856751,2.2788415,0.76027375,-0.22598791,-0.36227846,144.74294,
0.051074266,1.8539648,0.44588292,0.031317472,0.7447327,343.65244,
-1.0905063,0.817268,-1.3052412,-0.9627966,0.043197334,18.203856,
-2.3425407,0.5579599,0.35422415,-0.17772424,-2.0305002,2441.2063,
-0.36673254,-1.5259306,0.64652324,2.3475313,0.14268154,277.56854,
2.0535927,1.0006496,1.171113,2.3857658,0.5286775,1035.7573,
-0.15834475,0.19404763,-1.0541229,-0.7461274,0.35357505,4.1970034,
1.1855496,0.33266133,1.5056396,0.37917298,-0.16602641,115.138695,
2.3920298,0.020521939,0.16564322,1.6119189,1.5798011,3252.402,
-0.4332304,-0.012137353,-0.13017601,-0.84535253,-1.9609768,6.0471897,
-2.0889032,1.9029853,2.2780256,1.3851256,-2.5187004,614.9627,
2.0515652,1.8352304,0.16442496,0.18364996,1.2079821,564.5459,
0.44928557,-0.6048757,-1.3743641,0.18043756,0.940677,65.38513,
-0.2301634,-2.0571752,0.41793054,0.2202512,1.254089,446.78674,
-0.1064288,-0.41976446,-1.0920274,0.9671665,1.6177552,19.808178,
1.3344421,-0.031363428,2.1421397,0.67302847,1.7948074,328.4822,
1.0997937,-1.552204,0.49011737,1.5015972,-0.724256,762.7363,
-0.08685851,0.64229447,-1.1642983,0.29212707,-0.07438409,41.472027,
1.2484965,0.9566594,0.57087886,-0.82087415,-0.5192905,36.31229,
2.3625038,0.37584454,-1.5400393,-0.96022063,-0.105005085,2711.662,
-2.4037123,0.15707052,1.1030828,0.3599521,0.31900334,3170.882,
0.35163045,-0.25897354,1.1294078,0.8992755,-0.2313779,15.059999,
-0.412319,0.0054112673,0.8391806,-0.3364386,0.9452682,4.7038193,
1.259026,2.374692,-0.1979751,0.3891195,-1.598742,62.405285,
1.2103626,1.8923053,0.48081118,0.301459,0.06661016,18.305153,
1.6064041,-1.1767706,0.4227637,1.685807,0.39026964,1412.1016,
-0.4802236,-0.5835691,-1.358577,1.2168299,-1.1134982,68.48059,
1.8986936,-0.08892006,-0.23362166,-1.4796127,0.16521442,1365.3397,
-2.5730937,-1.4268894,2.1865337,-0.37597936,1.5749409,6489.315,
0.96997833,-0.5823566,0.14379269,-0.5993085,-0.026629686,232.01915,
-1.8639061,0.28846246,1.4966683,1.4899582,-2.000637,1023.06,
0.29056746,-0.82890165,0.17915958,-1.7771776,-0.74843127,83.92066,
